"","X","Degree","Centrality","Closeness","Betweenness","Nodo.aislado","Estar.NCG"
"1","KRT19",0.5875,0.277978035952673,0.984499178981938,0.046846295162278,0,0
"2","EPCAM",0.55,0.187003490600481,0.986093867762932,0.373392529087569,0,0
"3","TACSTD2",0.55,0.27738344632452,0.985136504285439,0.0477648499693815,0,0
"4","MAL2",0.55,0.213065438236941,0.985774562989753,0.545162278015922,0,0
"5","TGFBI",0.9375,0.976716666286186,0.997712513327518,0,0,0
"6","AGR2",0.45,0.155410009781945,0.982591590853209,0.0696570728720147,0,0
"7","VIM",0.45,0.214601510948286,0.986413356361542,0.103796693202694,0,0
"8","GJA1",0.4375,0.477877921204824,0.976908023483365,0,0,0
"9","SRGN",0.15,0.0382540690886696,0.958681154190555,0,0,0
"10","IGFBP7",0.575,0.649447854165343,0.980058331289013,0,0,0
"11","SPP1",0,0,0,0,1,0
"12","CAV1",0.85,0.928405460632329,0.995434319984523,0.880587875076546,0,0
"13","DKK1",0.5875,0.707157551608663,0.984180790960451,0,0,0
"14","C19orf33",0.75,0.488395720097706,0.992841977555354,0.944121249234538,0,0
"15","UCHL1",0.025,0.01226401647239,0.938408676607519,0,0,0
"16","SPARC",0.8125,0.630980416037199,0.995434319984523,0.00704225352112676,0,0
"17","TFPI2",0.6375,0.724558546746505,0.982909066065449,0,0,0
"18","S100P",0.4,0.140080805677182,0.981323509346432,0,0,0
"19","DSP",0.5875,0.302254382804334,0.985136504285439,0,0,0
"20","CTGF",0.875,0.904457000625338,0.994785106618052,0.0220453153704838,0,0
"21","ALDH1A1",0,0,0,0,1,0
"22","MIR205HG",0.3375,0.165247583591058,0.970350557244174,0,0,0
"23","BASP1",0.0125,0.0165996699865547,0.946663494706791,0,0,0
"24","IGFBP3",0.6875,0.810818031186957,0.98769315218883,0,0,0
"25","SPINT2",0.4875,0.192457788354092,0.985455441883396,0.0460808328230251,0,0
"26","AKR1C3",0.075,0.00782055504198109,0.942520110062272,0.0476117575015309,0,0
"27","FSTL1",0.9625,0.930436639726009,0.998691723487998,0.297075933864054,0,0
"28","MGST1",0.0375,0.0303539154950394,0.958073866292659,0,0,0
"29","ANXA1",0.7875,0.885477767762432,0.99316536345207,0,0,0
"30","TM4SF1",0.7375,0.76057098164078,0.99316536345207,0,0,0
"31","AKR1C2",0.0875,0.0136366365077754,0.945476388503835,0.000306184935701164,0,0
"32","ANXA3",0.675,0.488630655427571,0.990261615911529,0,0,0
"33","RPS4Y1",0,0,0,0,1,0
"34","ESRP1",0.475,0.181882019544586,0.984180790960451,0.0240355174525413,0,0
"35","AMIGO2",0.575,0.674689658760098,0.986093867762932,0,0,0
"36","NNMT",0.825,0.861073201024537,0.994136645962733,0.043937538273117,0,0
"37","CAV2",0.85,0.911975860317057,0.995434319984523,0.807256582976118,0,0
"38","COL1A2",0.45,0.36291058739318,0.976908023483365,0,0,1
"39","KRT7",0.5875,0.416526436543645,0.986413356361542,0,0,0
"40","IFI27",0.1,0.0613826998018698,0.958377425044091,0.0240355174525413,0,1
"41","TSPAN8",0.15,0.0286318151565469,0.949642824009648,0,0,0
"42","VAMP8",0.4,0.163194320996342,0.981640257134667,0,0,0
"43","HSPA1A",0,0,0,0,1,0
"44","LCN2",0.4875,0.212580350851759,0.978165986394558,0,0,0
"45","CTHRC1",0.0875,0.0770667501355728,0.956861332372681,0,0,0
"46","S100A2",0.7625,0.740664369177435,0.994136645962733,0,0,0
"47","RAB25",0.4875,0.183088344158353,0.984499178981938,0.12109614206981,0,0
"48","SRPX",0.85,0.789341364063658,0.995759209344114,0.0731016533986528,0,1
"49","PLAC8",0,0,0,0,1,0
"50","MMP1",0.2,0.241927221373851,0.966946778711484,0,0,0
"51","SERPINB5",0.55,0.210969371490067,0.981323509346432,0.0238824249846908,0,0
"52","PLS3",0.8125,0.866289256994036,0.994785106618052,0,0,0
"53","ARHGDIB",0.0375,0.0198577541921007,0.948151089229465,0,0,0
"54","EFEMP1",0.65,0.746631788725246,0.986413356361542,0,0,0
"55","LUM",0.2625,0.225281737809308,0.970661045348899,0,0,1
"56","MYOF",0.9625,0.923836951345406,1,1,0,0
"57","HLA-DRA",0.15,0.120847741789164,0.967255337778676,0.000459277403551745,0,0
"58","CYR61",0.9625,0.992041343886157,0.998365130166118,0.375688916105328,0,0
"59","ALDH1A3",0.6375,0.635036692053466,0.98737292669877,0,0,0
"60","LGALS3",0.5625,0.571806919912337,0.985774562989753,0,0,0
"61","CSTA",0.025,0.00691122140939389,0.93403860721469,0,0,0
"62","COL6A3",0.35,0.274430135605741,0.978165986394558,0,0,1
"63","AKR1B10",0.075,0.0217812219839779,0.959593365436061,0.0698101653398653,0,1
"64","SERPINE1",0.9,0.905389103207624,0.997060655125172,0.023423147581139,0,0
"65","COL5A2",0.525,0.464203089476312,0.979742489270386,0.000153092467850582,0,0
"66","GNG11",0.7375,0.69915095360236,0.991550304332258,0.0223515003061849,0,0
"67","EMP1",0.7875,0.826862352711835,0.994460782283339,0,0,0
"68","GDF15",0.1125,0.118579805704572,0.964791742268456,0,0,0
"69","PLAT",0.7,0.794004657964078,0.9880135623001,0,0,0
"70","GTSF1",0.0125,0.0169258472284747,0.948151089229465,0,0,0
"71","GPRC5A",0.825,0.652308805722811,0.994785106618052,0.864206981016534,0,0
"72","TNC",0.6625,0.733632575327757,0.986093867762932,0.021586037966932,0,1
"73","SPOCK1",0.5125,0.547842867581129,0.981323509346432,0,0,0
"74","MEST",0,0,0,0,1,0
"75","PTX3",0.8375,0.759996311349936,0.99316536345207,0.000153092467850582,0,0
"76","TUBB6",0.75,0.82617545132935,0.992518778857417,0,0,0
"77","SFN",0.5375,0.242535654516041,0.986093867762932,0.662584200857318,0,0
"78","CEACAM6",0.3,0.0868176093643138,0.965099083111505,0,0,0
"79","HLA-DPA1",0.1,0.0410025189429016,0.962645204560697,0.0235762400489896,0,0
"80","SERPINE2",0.575,0.645984419169376,0.986413356361542,0,0,0
"81","LGALS1",0.4875,0.54523177072427,0.983862585815486,0.000612369871402327,0,1
"82","GPX2",0.3625,0.0964857858423006,0.976280118436422,0,0,0
"83","COL3A1",0.2875,0.219114788331262,0.972216132829943,0,0,1
"84","RNF128",0.0625,0.0118852075756707,0.945180023228804,0,0,0
"85","AKR1C1",0.0625,0.0173098805680149,0.955953714072415,0.0240355174525413,0,0
"86","SNAI2",0.8,0.828589302471789,0.991872942408088,0.0906307409675444,0,0
"87","C15orf48",0.3375,0.241568995610954,0.975339602925809,0,0,1
"88","PXDN",0.2625,0.247873955479703,0.9681820633123,0,0,1
"89","PLK2",0.85,0.908686045196368,0.995434319984523,0,0,0
"90","SERPINB2",0.15,0.165698769777674,0.967564071468994,0,0,0
"91","IFI16",0.1125,0.0169802755528052,0.949941669318061,0.0240355174525413,0,0
"92","NMU",0.1625,0.0642382517108283,0.95716421097587,0,0,0
"93","C10orf116",0.325,0.168620497066359,0.974088081005246,0,0,0
"94","VCAN",0.4125,0.394430646623513,0.980374354150478,0,0,1
"95","DKK3",0.9625,0.942656688784382,0.997060655125172,0.0436313533374158,0,0
"96","TWIST1",0.2375,0.196901330228063,0.972839405878927,0,0,0
"97","BEX1",0.075,0.0259693738401505,0.964177580764321,0.023423147581139,0,0
"98","ARHGAP29",0.7875,0.826382524805866,0.993488936710258,0,0,0
"99","C3orf14",0,0,0,0,1,0
"100","IFITM1",0.0125,0.00112761911260911,0.912716755608451,0,0,0
"101","TMSB15A",0.0875,0.0295343788489239,0.963870759809846,0.000459277403551745,0,0
"102","TSTD1",0.25,0.114297162969452,0.974088081005246,0,0,0
"103","LXN",0,0,0,0,1,0
"104","PRSS23",0.9,0.952521060741128,0.99640955423703,0,0,0
"105","NTN4",0.75,0.810433315530573,0.992195767195766,0,0,1
"106","FOXQ1",0.55,0.247871798874211,0.980690558010145,0.0572565829761176,0,1
"107","NGFRAP1",0.275,0.293980999985788,0.97004024525295,0.0211267605633803,0,0
"108","EREG",0.225,0.184862456235724,0.971282550498904,0,0,0
"109","CD9",0.575,0.501115796259294,0.98737292669877,0,0,0
"110","MYL9",0.4875,0.524792849585553,0.979111347141087,0,0,0
"111","RAB34",0.475,0.557231364000667,0.978480926523224,0,0,0
"112","GALNT3",0.4125,0.159096787587993,0.977536645726251,0,0,0
"113","GDA",0.2625,0.114073865707315,0.964484574868321,0,0,0
"114","PLAU",0.6125,0.659003177349783,0.98737292669877,0.0240355174525413,0,0
"115","LOXL1",0.5,0.507735390667213,0.979742489270386,0,0,0
"116","PLOD2",0.7875,0.859778506331403,0.992841977555354,0,0,0
"117","EMP3",0.375,0.205086417743759,0.983226723525231,0,0,0
"118","TAGLN",0.4625,0.483962807282002,0.978165986394558,0,0,0
"119","IGFBP6",0.8125,0.903742379356394,0.992518778857417,0.00826699326393142,0,0
"120","TUBB2B",0.025,0.00101962104234169,0.920010309942651,0,0,0
"121","CA2",0,0,0,0,1,0
"122","LCP1",0.2625,0.270407806271182,0.971904761904762,0,0,1
"123","CRIP1",0,0,0,0,1,0
"124","CNRIP1",0.5,0.261305089861019,0.985774562989753,0.0243417023882425,0,0
"125","IL13RA2",0.1125,0.118112263814396,0.964177580764321,0,0,0
"126","HCLS1",0.3625,0.340351225618397,0.977536645726251,0.0471524800979792,0,0
"127","VEGFC",0.9,0.903614126615119,0.995434319984523,0.0491426821800367,0,0
"128","GPNMB",0.025,0.0195222768964509,0.947258036788723,0,0,0
"129","TMEM200A",0.05,0.0381380307965457,0.953540835328545,0,0,0
"130","LAMB3",0.7125,0.514967436959647,0.990261615911529,0.0208205756276791,0,0
"131","FOXA1",0.35,0.105408824460373,0.977851226180275,0,0,1
"132","F3",0.8375,0.772428316265648,0.99640955423703,0,0,0
"133","GREM1",0.1875,0.13625363777564,0.962033462033461,0,0,0
"134","CXCL2",0.4375,0.433225139043025,0.980690558010145,0.000306184935701164,0,0
"135","NID2",0.2375,0.21205143398687,0.961117138838658,0,0,0
"136","DMKN",0.3625,0.184938275812748,0.978165986394558,0,0,0
"137","RND3",0.9,0.921369802710966,0.997060655125172,0.0244947948560931,0,0
"138","SLPI",0.4625,0.204225782524269,0.981640257134667,0.0189834660134721,0,0
"139","CXCR4",0.525,0.609207255620099,0.982909066065449,0,0,1
"140","WBP5",0.4625,0.527576710505141,0.980058331289013,0.0448560930802205,0,0
"141","FOSL1",0.8125,0.860743240631392,0.994785106618052,0.0722596448254746,0,0
"142","ODZ2",0.05,0.0598203432457445,0.952939299672968,0,0,0
"143","POPDC3",0.275,0.282965256208646,0.973151308304891,0,0,0
"144","SLC40A1",0,0,0,0,1,0
"145","MAP1B",0.5875,0.47021108530954,0.985455441883396,0.0264084507042254,0,0
"146","PTGR1",0.775,0.802550714760688,0.993488936710258,0.0349050826699326,0,0
"147","COL4A1",0.7625,0.810750884565224,0.989297052154195,0.0243417023882425,0,1
"148","TIMP3",0.2625,0.2733668224011,0.969730109225432,0,0,0
"149","GAL",0,0,0,0,1,0
"150","SGCE",0.1875,0.197388845440178,0.963257636763837,0,0,0
"151","GPX8",1,1,0.999018506966105,0.679883649724434,0,0
"152","TRIM22",0.0125,0.000311932894977178,0.904975294999301,0,0,0
"153","DSG2",0.55,0.332492761853346,0.983544563389524,0,0,0
"154","COL4A2",0.6375,0.734721540902312,0.984499178981938,0,0,1
"155","BCHE",0,0,0,0,1,0
"156","RBP1",0,0,0,0,1,0
"157","MGP",0,0,0,0,1,0
"158","S100A4",0,0,0,0,1,0
"159","LAMB1",0.8375,0.900656559160554,0.993488936710258,0.0685854255970606,0,0
"160","MYB",0.9125,0.962067558000407,0.996735010099332,0.0235762400489896,0,1
"161","GYPC",0.3375,0.101803386796958,0.969730109225432,0,0,0
"162","HTRA1",0.8125,0.862424124713582,0.990905587668593,0,0,1
"163","GPX3",0,0,0,0,1,0
"164","TOX3",0.1375,0.0308604934352114,0.958985053875564,0,0,0
"165","FHL2",0.8625,0.911378388604398,0.995434319984523,0,0,0
"166","QPCT",0,0,0,0,1,0
"167","SDC2",0.3625,0.322231549188592,0.97346338820023,0,0,0
"168","ASS1",0.0625,0.0170377969609668,0.942815002107037,0,0,0
"169","CLDN1",0.6,0.501048741025017,0.986733028944373,0,0,0
"170","ARMCX2",0.2625,0.171056717720462,0.970661045348899,0.000918554807103491,0,0
"171","G0S2",0.025,0.0279182100618945,0.947555555555555,0,0,0
"172","CYP1B1",0.0625,0.0803987105454116,0.960202360876896,0,0,0
"173","IL8",0.3125,0.346916914828422,0.972527680771001,0,0,0
"174","CXCL1",0.2375,0.229092765516325,0.969730109225432,0.0237293325168402,0,0
"175","NT5E",0.8,0.875709315982832,0.991872942408088,0,0,0
"176","FRMD6",0.875,0.919383733876344,0.994785106618052,0.15263319044703,0,0
"177","PMP22",0.65,0.618669430456958,0.988654937025286,0,0,0
